/*--------------------------------*- C++ -*----------------------------------*\
| =========                 |                                                 |
| \\      /  F ield         | OpenFOAM: The Open Source CFD Toolbox           |
|  \\    /   O peration     | Version:  v2112                                 |
|   \\  /    A nd           | Website:  www.openfoam.com                      |
|    \\/     M anipulation  |                                                 |
\*---------------------------------------------------------------------------*/
FoamFile
{
    version     2.0;
    format      binary;
    class       dictionary;
    object      blockMeshDict;
}
// * * * * * * * * * * * * * * * * * * * * * * * * * * * * * * * * * * * * * //

scale  1;

// * * * * Local Variables * * * * //
vertices
(
  // Convergence
  (	0.0000000000	0.0000000000	0.0000000000	)
(	0.0633010247	0.0027637824	0.0000000000	)
(	0.0241691062	0.0010552460	0.0558810000	)
(	0.0000000000	0.0000000000	0.0558810000	)
(	0.0633010247	-0.0027637824	0.0000000000	)
(	0.0241691062	-0.0010552460	0.0558810000	)



  // Throat
  (	0.0000000000	0.0000000000	0.0558810000	)
  (	0.0241691062	0.0010552460	0.0558810000	)
  (	0.0206938368	0.0009035124	0.0681480000	)
  (	0.0000000000	0.0000000000	0.0681480000	)
  (	0.0241691062	-0.0010552460	0.0558810000	)
  (	0.0206938368	-0.0009035124	0.0681480000	)



  // Divergence
  (	0.0000000000	0.0000000000	0.0681480000	)
  (	0.0206937993	0.0009035108	0.0681480000	)
  (	0.0520034571	0.0022705200	0.1849600000	)
  (	0.0000000000	0.0000000000	0.1849600000	)
  (	0.0206937993	-0.0009035108	0.0681480000	)
  (	0.0520034571	-0.0022705200	0.1849600000	)


);

blocks
(
  hex (0 4 1 0 3 5 2 3) (90 1 70) simpleGrading (0.9 1 0.5)
  hex (6 10 7 6 9 11 8 9) (90 1 20) simpleGrading (0.9 1 1)
  hex (12 16 13 12 15 17 14 15) (90 1 120) simpleGrading (0.9 1 2)
);

/***
  (
	(0.45 0.18 0.1)
	(0.40 0.75 1)
	(0.15 0.07 8)
   )
***/
edges
(
 	polyLine 1 2
	(
    (	0.063301025	0.002763782	0.0080222	)
    (	0.063298911	0.00276369	0.008315441	)
    (	0.063292568	0.002763413	0.008608682	)
    (	0.063281991	0.002762951	0.008901922	)
    (	0.063267174	0.002762304	0.009195163	)
    (	0.063248108	0.002761472	0.009488404	)
    (	0.063224781	0.002760454	0.009781645	)
    (	0.063197178	0.002759248	0.010074886	)
    (	0.063165282	0.002757856	0.010368127	)
    (	0.063129071	0.002756275	0.010661367	)
    (	0.063088524	0.002754504	0.010954608	)
    (	0.063043613	0.002752544	0.011247849	)
    (	0.062994307	0.002750391	0.01154109	)
    (	0.062940577	0.002748045	0.011834331	)
    (	0.062882386	0.002745504	0.012127571	)
    (	0.062819693	0.002742767	0.012420812	)
    (	0.062752457	0.002739831	0.012714053	)
    (	0.062680631	0.002736695	0.013007294	)
    (	0.062604163	0.002733357	0.013300535	)
    (	0.062523002	0.002729813	0.013593776	)
    (	0.062437085	0.002726062	0.013887016	)
    (	0.062346352	0.0027221	0.014180257	)
    (	0.062250732	0.002717926	0.014473498	)
    (	0.062150155	0.002713534	0.014766739	)
    (	0.062044539	0.002708923	0.01505998	)
    (	0.061933804	0.002704088	0.01535322	)
    (	0.061817855	0.002699026	0.015646461	)
    (	0.061696597	0.002693732	0.015939702	)
    (	0.061569927	0.002688201	0.016232943	)
    (	0.061437732	0.002682429	0.016526184	)
    (	0.061299894	0.002676411	0.016819424	)
    (	0.061156282	0.002670141	0.017112665	)
    (	0.061006759	0.002663613	0.017405906	)
    (	0.060851177	0.00265682	0.017699147	)
    (	0.060689376	0.002649755	0.017992388	)
    (	0.060521183	0.002642412	0.018285629	)
    (	0.060346412	0.002634781	0.018578869	)
    (	0.060164864	0.002626855	0.01887211	)
    (	0.059976319	0.002618623	0.019165351	)
    (	0.059780542	0.002610075	0.019458592	)
    (	0.059577279	0.0026012	0.019751833	)
    (	0.059366247	0.002591986	0.020045073	)
    (	0.059147145	0.00258242	0.020338314	)
    (	0.058919637	0.002572487	0.020631555	)
    (	0.058683359	0.002562171	0.020924796	)
    (	0.058437908	0.002551454	0.021218037	)
    (	0.058182838	0.002540318	0.021511278	)
    (	0.057917658	0.00252874	0.021804518	)
    (	0.057641816	0.002516696	0.022097759	)
    (	0.057354699	0.00250416	0.022391	)
)
	polyLine 4 5
	(
    (	0.063301025	-0.002763782	0.008022200	)
(	0.063298911	-0.00276369	0.008315441	)
(	0.063292568	-0.002763413	0.008608682	)
(	0.063281991	-0.002762951	0.008901922	)
(	0.063267174	-0.002762304	0.009195163	)
(	0.063248108	-0.002761472	0.009488404	)
(	0.063224781	-0.002760454	0.009781645	)
(	0.063197178	-0.002759248	0.010074886	)
(	0.063165282	-0.002757856	0.010368127	)
(	0.063129071	-0.002756275	0.010661367	)
(	0.063088524	-0.002754504	0.010954608	)
(	0.063043613	-0.002752544	0.011247849	)
(	0.062994307	-0.002750391	0.011541090	)
(	0.062940577	-0.002748045	0.011834331	)
(	0.062882386	-0.002745504	0.012127571	)
(	0.062819693	-0.002742767	0.012420812	)
(	0.062752457	-0.002739831	0.012714053	)
(	0.062680631	-0.002736695	0.013007294	)
(	0.062604163	-0.002733357	0.013300535	)
(	0.062523002	-0.002729813	0.013593776	)
(	0.062437085	-0.002726062	0.013887016	)
(	0.062346352	-0.0027221	0.014180257	)
(	0.062250732	-0.002717926	0.014473498	)
(	0.062150155	-0.002713534	0.014766739	)
(	0.062044539	-0.002708923	0.015059980	)
(	0.061933804	-0.002704088	0.015353220	)
(	0.061817855	-0.002699026	0.015646461	)
(	0.061696597	-0.002693732	0.015939702	)
(	0.061569927	-0.002688201	0.016232943	)
(	0.061437732	-0.002682429	0.016526184	)
(	0.061299894	-0.002676411	0.016819424	)
(	0.061156282	-0.002670141	0.017112665	)
(	0.061006759	-0.002663613	0.017405906	)
(	0.060851177	-0.00265682	0.017699147	)
(	0.060689376	-0.002649755	0.017992388	)
(	0.060521183	-0.002642412	0.018285629	)
(	0.060346412	-0.002634781	0.018578869	)
(	0.060164864	-0.002626855	0.018872110	)
(	0.059976319	-0.002618623	0.019165351	)
(	0.059780542	-0.002610075	0.019458592	)
(	0.059577279	-0.0026012	0.019751833	)
(	0.059366247	-0.002591986	0.020045073	)
(	0.059147145	-0.00258242	0.020338314	)
(	0.058919637	-0.002572487	0.020631555	)
(	0.058683359	-0.002562171	0.020924796	)
(	0.058437908	-0.002551454	0.021218037	)
(	0.058182838	-0.002540318	0.021511278	)
(	0.057917658	-0.00252874	0.021804518	)
(	0.057641816	-0.002516696	0.022097759	)
(	0.057354699	-0.00250416	0.022391000	)


)

	polyLine 7 8
(
  (	0.024169106	0.001055246	0.055881	)
  (	0.023917571	0.001044264	0.056131347	)
  (	0.023679541	0.001033871	0.056381694	)
  (	0.023454006	0.001024024	0.056632041	)
  (	0.023240099	0.001014685	0.056882388	)
  (	0.02303707	0.00100582	0.057132735	)
  (	0.022844266	0.000997402	0.057383082	)
  (	0.022661113	0.000989406	0.057633429	)
  (	0.022487108	0.000981808	0.057883776	)
  (	0.022321802	0.000974591	0.058134122	)
  (	0.022164797	0.000967736	0.058384469	)
  (	0.022015736	0.000961228	0.058634816	)
  (	0.0218743	0.000955053	0.058885163	)
  (	0.021740201	0.000949198	0.05913551	)
  (	0.021613181	0.000943652	0.059385857	)
  (	0.021493002	0.000938405	0.059636204	)
  (	0.021379455	0.000933447	0.059886551	)
  (	0.021272345	0.000928771	0.060136898	)
  (	0.021171499	0.000924368	0.060387245	)
  (	0.021076755	0.000920231	0.060637592	)
  (	0.020987971	0.000916355	0.060887939	)
  (	0.020905014	0.000912733	0.061138286	)
  (	0.020827766	0.00090936	0.061388633	)
  (	0.020756119	0.000906232	0.06163898	)
  (	0.020689973	0.000903344	0.061889327	)
  (	0.020629242	0.000900692	0.062139673	)
  (	0.020573846	0.000898274	0.06239002	)
  (	0.020523714	0.000896085	0.062640367	)
  (	0.02047878	0.000894123	0.062890714	)
  (	0.020438992	0.000892386	0.063141061	)
  (	0.0204043	0.000890871	0.063391408	)
  (	0.02037466	0.000889577	0.063641755	)
  (	0.02035004	0.000888502	0.063892102	)
  (	0.020330407	0.000887645	0.064142449	)
  (	0.02031574	0.000887004	0.064392796	)
  (	0.020306022	0.00088658	0.064643143	)
  (	0.02030124	0.000886371	0.06489349	)
  (	0.02030139	0.000886378	0.065143837	)
  (	0.020306471	0.0008866	0.065394184	)
  (	0.020316491	0.000887037	0.065644531	)
  (	0.020331458	0.000887691	0.065894878	)
  (	0.020351392	0.000888561	0.066145224	)
  (	0.020376318	0.000889649	0.066395571	)
  (	0.020406263	0.000890957	0.066645918	)
  (	0.020441264	0.000892485	0.066896265	)
  (	0.020481363	0.000894236	0.067146612	)
  (	0.02052661	0.000896211	0.067396959	)
  (	0.020577061	0.000898414	0.067647306	)
  (	0.020632779	0.000900847	0.067897653	)
  (	0.020693837	0.000903512	0.068148	)


)
	polyLine 10 11
(
  (	0.024169106	-0.001055246	0.055881000	)
  (	0.023917571	-0.001044264	0.056131347	)
  (	0.023679541	-0.001033871	0.056381694	)
  (	0.023454006	-0.001024024	0.056632041	)
  (	0.023240099	-0.001014685	0.056882388	)
  (	0.02303707	-0.00100582	0.057132735	)
  (	0.022844266	-0.000997402	0.057383082	)
  (	0.022661113	-0.000989406	0.057633429	)
  (	0.022487108	-0.000981808	0.057883776	)
  (	0.022321802	-0.000974591	0.058134122	)
  (	0.022164797	-0.000967736	0.058384469	)
  (	0.022015736	-0.000961228	0.058634816	)
  (	0.0218743	-0.000955053	0.058885163	)
  (	0.021740201	-0.000949198	0.059135510	)
  (	0.021613181	-0.000943652	0.059385857	)
  (	0.021493002	-0.000938405	0.059636204	)
  (	0.021379455	-0.000933447	0.059886551	)
  (	0.021272345	-0.000928771	0.060136898	)
  (	0.021171499	-0.000924368	0.060387245	)
  (	0.021076755	-0.000920231	0.060637592	)
  (	0.020987971	-0.000916355	0.060887939	)
  (	0.020905014	-0.000912733	0.061138286	)
  (	0.020827766	-0.00090936	0.061388633	)
  (	0.020756119	-0.000906232	0.061638980	)
  (	0.020689973	-0.000903344	0.061889327	)
  (	0.020629242	-0.000900692	0.062139673	)
  (	0.020573846	-0.000898274	0.062390020	)
  (	0.020523714	-0.000896085	0.062640367	)
  (	0.02047878	-0.000894123	0.062890714	)
  (	0.020438992	-0.000892386	0.063141061	)
  (	0.0204043	-0.000890871	0.063391408	)
  (	0.02037466	-0.000889577	0.063641755	)
  (	0.02035004	-0.000888502	0.063892102	)
  (	0.020330407	-0.000887645	0.064142449	)
  (	0.02031574	-0.000887004	0.064392796	)
  (	0.020306022	-0.00088658	0.064643143	)
  (	0.02030124	-0.000886371	0.064893490	)
  (	0.02030139	-0.000886378	0.065143837	)
  (	0.020306471	-0.0008866	0.065394184	)
  (	0.020316491	-0.000887037	0.065644531	)
  (	0.020331458	-0.000887691	0.065894878	)
  (	0.020351392	-0.000888561	0.066145224	)
  (	0.020376318	-0.000889649	0.066395571	)
  (	0.020406263	-0.000890957	0.066645918	)
  (	0.020441264	-0.000892485	0.066896265	)
  (	0.020481363	-0.000894236	0.067146612	)
  (	0.02052661	-0.000896211	0.067396959	)
  (	0.020577061	-0.000898414	0.067647306	)
  (	0.020632779	-0.000900847	0.067897653	)
  (	0.020693837	-0.000903512	0.068148000	)

)
	arc 1 4 (0.063482 0 0)
  	arc 2 5 (0.052053 0 0.18496)
);

boundary
(
     front
     {
           type wedge;
           faces
           (
               (0 3 2 1)
	       (6 9 8 7)
	       (12 15 14 13)
           );
     }
     back
     {
           type wedge;
           faces
           (
               (0 4 5 3)
	       (6 10 11 9)
	       (12 16 17 15)
           );
     }
     wall
     {
           type wall;
           faces
           (
               (1 2 5 4)
	       (7 8 11 10)
	       (13 14 17 16)
           );
     }
     inlet
     {
           type patch;
           faces
           (
               (0 1 4 0)
           );
     }
     outlet
     {
           type patch;
           faces
           (
	       (15 17 14 15)
           );
     }
     axis
     {
           type empty;
           faces
           (
               (0 3 3 0)
	       (6 9 9 6)
	       (12 15 15 12)
           );
     }
     block1I2
     {
	   type patch;
	   faces
	   (
	    	(3 5 2 3)
	   );
     }
     block2I1
     {
	   type patch;
	   faces
	   (
	        (6 7 10 6)
	   );
     }

     block2I2
     {
	   type patch;
	   faces
	   (
	    	(9 11 8 9)
	   );
     }
     block3I1
     {
	   type patch;
	   faces
	   (
	        (12 13 16 12)
	   );
     }

);

mergePatchPairs
(
 (block1I2 block2I1)
 (block2I2 block3I1)
);
// ************************************************************************* //
